"X1" "X2" "A02" "A03" "A04" "A05" "A06" "A07" "A09" "A10" "B01" "B02" "B03" "B04" "B05" "B06" "B07" "B09" "B10" "C01" "C02" "C03" "C04" "C05" "C07" "C09" "C10" "D01" "D02" "D04" "D05" "D06" "D07" "D09" "D10" "E01" "E02" "E03" "E05" "E07" "E09" "E10" "F01" "F02" "F03" "F04" "F05" "F06" "F07" "F09" "G01" "G02" "G03" "G05" "G06" "G07" "G09" "G10" "H01" "H02" "H03" "H09" "H10"
"2" 1 13628217 2 2 1 3 2 2 4 3 2 2 2 2 3 2 2 3 2 3 2 2 2 2 3 2 2 2 2 4 2 4 2 2 3 1 2 4 2 2 1 3 2 2 2 2 2 2 1 2 3 1 3 4 2 3 2 2 2 3 2 1 1
"5" 1 46824562 6 3 3 6 2 5 8 6 2 6 3 3 5 4 5 4 6 3 5 3 1 4 2 4 2 2 9 7 5 7 5 3 5 1 3 5 3 4 4 1 5 2 1 1 5 4 3 4 1 3 2 5 2 4 6 4 1 2 3 3 1
"33" 1 93784326 3 3 1 2 4 4 2 2 2 3 2 3 4 2 4 5 2 1 2 2 1 3 3 4 2 2 13 6 2 3 4 1 5 0 3 1 4 1 9 4 2 1 3 4 2 4 2 3 1 1 6 2 4 2 5 1 3 3 3 1 2
"34" 1 93784335 6 6 2 3 5 4 4 2 3 4 3 5 5 2 5 5 3 1 2 2 2 4 3 5 3 3 13 5 3 4 7 2 7 1 4 1 5 3 9 4 2 2 4 4 3 5 3 4 3 1 7 4 5 3 5 2 3 3 3 1 3
"46" 1 135486561 1 1 4 2 1 2 2 2 1 8 1 2 2 1 2 4 1 1 2 1 2 2 2 3 2 1 2 1 3 1 1 2 4 1 1 3 2 4 1 1 1 2 3 1 3 1 1 2 1 1 2 2 2 2 2 1 1 1 3 2 2
"87" 2 69652375 4 4 3 3 4 3 3 4 3 4 2 4 3 3 2 2 4 2 5 2 1 4 3 2 2 2 3 3 2 4 3 3 2 1 3 3 3 2 2 4 3 2 3 3 2 3 2 3 2 3 4 4 3 2 2 3 2 2 3 3 3
"172" 2 103738932 4 3 2 5 6 6 6 4 3 5 1 2 4 4 4 5 4 3 3 2 3 3 3 6 3 1 6 3 3 7 3 5 6 3 2 5 5 5 1 3 5 3 3 2 3 4 2 3 1 1 4 5 2 2 6 3 1 4 3 4 3
"176" 2 128669971 8 6 3 7 9 7 9 9 6 6 6 3 6 6 8 6 4 3 9 5 7 7 2 5 5 4 7 8 5 7 7 6 6 4 4 4 5 6 4 5 6 4 6 4 6 8 6 7 5 3 4 5 4 8 4 5 4 3 4 3 3
"177" 2 128832922 16 15 10 17 14 12 13 15 8 16 10 9 7 13 10 9 14 10 13 8 9 11 8 8 10 9 17 10 13 13 10 15 12 7 8 9 10 7 5 7 10 7 11 9 13 11 9 12 4 7 10 10 13 8 9 8 8 10 13 10 8
"179" 2 138557930 9 8 7 7 8 11 10 11 5 13 6 8 8 7 11 7 8 9 8 7 6 8 8 9 7 8 14 8 6 14 14 10 13 4 6 10 10 10 5 9 7 3 4 6 8 8 8 13 3 4 9 11 6 6 8 7 3 5 7 4 4
"232" 3 103128564 13 10 11 9 11 12 12 12 9 13 12 9 9 9 10 9 12 7 11 7 6 7 9 9 9 9 15 6 7 11 7 7 9 5 9 8 6 8 8 10 7 9 8 9 6 10 9 12 2 5 6 11 8 7 9 8 3 9 9 5 8
"247" 3 158039899 8 4 3 4 5 5 8 5 4 7 5 6 4 6 6 3 3 3 5 4 2 5 6 5 3 1 3 4 6 7 3 4 6 2 1 5 4 3 3 4 3 5 3 6 4 3 4 4 1 3 6 6 2 5 6 6 1 4 2 6 4
"259" 4 57700495 11 7 6 7 8 9 7 9 7 11 6 7 9 10 8 10 7 8 9 7 7 6 10 6 10 8 11 9 5 9 8 8 9 7 4 6 8 6 6 6 12 5 9 7 7 7 7 8 4 5 7 9 7 8 9 7 7 6 5 8 9
"267" 4 107378345 7 4 4 6 7 8 5 8 4 14 6 6 5 6 6 7 6 5 7 7 3 6 5 7 7 4 10 8 7 10 4 8 8 3 1 7 5 5 5 3 4 5 3 5 4 6 3 8 2 3 10 5 4 5 6 6 2 8 6 2 3
"268" 4 107378350 0 0 0 0 0 0 0 0 0 8 1 0 0 0 0 0 0 0 0 0 0 0 0 0 0 0 0 0 0 1 0 0 0 0 0 0 0 0 0 0 0 0 0 0 0 1 0 0 1 0 0 0 0 0 0 0 0 0 1 0 0
"275" 4 124822289 10 7 6 7 8 9 9 5 6 8 3 6 8 4 7 4 4 5 7 6 4 6 9 8 6 6 8 9 5 7 6 4 8 2 3 5 10 6 4 3 6 4 7 7 9 5 6 6 3 3 7 7 3 5 8 7 6 6 6 3 5
"282" 4 137943396 4 2 2 3 3 3 4 2 4 5 2 2 2 3 5 3 4 2 3 3 2 3 2 2 3 2 3 3 2 4 2 4 4 2 2 3 2 4 2 2 2 3 2 3 3 3 2 2 2 2 3 2 4 3 3 3 2 4 2 3 1
"299" 5 35568626 3 4 2 3 3 4 2 3 4 3 2 2 6 2 5 3 3 2 6 3 1 4 3 2 1 1 6 4 2 5 4 7 4 2 1 3 2 2 4 4 4 1 4 1 3 4 2 3 1 1 4 3 4 2 3 1 1 5 3 1 1
"304" 5 48386725 3 2 3 2 4 3 2 3 3 2 2 3 4 2 3 2 2 2 4 3 2 4 3 3 3 3 3 2 2 3 2 3 3 2 3 2 2 2 3 2 2 2 3 2 3 3 1 3 2 1 3 2 2 3 2 2 2 2 2 2 2
"308" 5 63942869 6 4 2 5 6 5 3 4 4 10 4 4 3 6 5 2 3 4 3 2 3 5 5 4 4 2 5 4 6 4 5 4 5 4 2 4 2 5 5 4 4 4 5 4 3 3 4 3 3 4 4 4 4 4 4 5 3 3 4 4 4
"313" 5 72262632 7 5 6 7 7 6 7 7 4 8 6 8 6 5 7 7 6 6 7 5 4 6 5 6 7 6 7 7 6 8 6 5 6 3 5 6 6 7 4 7 6 5 5 5 5 5 4 6 4 5 7 8 7 7 7 6 3 6 6 6 6
"314" 5 72781243 9 8 8 7 10 9 6 10 4 8 8 6 9 8 8 8 10 8 9 6 7 8 7 8 8 7 8 9 8 7 7 8 10 7 5 9 8 9 7 8 6 6 6 6 6 5 7 7 7 6 8 7 7 5 7 6 4 7 8 6 8
"315" 5 72781253 6 3 3 6 8 6 5 9 2 4 5 2 6 7 3 5 6 6 4 3 3 5 5 6 4 4 6 9 8 5 5 6 6 4 5 7 5 7 5 5 6 4 6 1 4 4 6 6 5 3 5 5 3 4 6 4 3 4 6 3 6
"316" 5 73191933 18 15 19 15 18 21 18 18 10 20 12 16 18 14 15 16 16 15 15 15 9 17 11 16 16 15 21 14 19 15 17 17 16 13 13 16 14 16 11 18 16 15 17 15 16 15 13 16 6 10 16 19 17 15 13 17 12 17 15 11 14
"320" 5 92170807 5 1 5 5 4 7 5 1 4 5 3 3 6 4 4 6 4 2 5 1 1 4 1 5 2 2 6 2 5 5 3 3 6 1 2 3 3 5 2 2 4 1 2 1 3 4 3 3 3 2 2 6 2 1 3 1 2 2 3 2 2
"325" 5 105562645 7 7 7 7 8 10 11 10 6 11 6 10 8 10 7 7 6 5 10 7 6 8 7 7 8 6 10 7 7 11 8 7 9 6 10 10 8 8 6 7 7 7 7 6 7 7 6 9 5 5 7 11 8 12 8 8 8 5 8 5 5
"326" 5 110102995 2 3 2 4 2 3 5 3 4 2 2 3 2 4 2 3 3 3 3 3 1 3 3 4 2 3 4 2 3 3 2 3 3 2 2 3 3 3 3 3 3 2 3 3 2 4 3 3 2 2 2 2 2 2 2 3 2 2 3 2 3
"329" 5 123547154 1 1 0 1 1 2 2 3 2 3 0 0 1 1 1 4 2 0 1 1 2 1 0 4 1 2 2 0 2 1 0 2 1 1 2 1 0 2 0 2 2 2 2 0 1 0 1 2 0 0 1 0 0 0 0 1 1 2 1 1 0
"333" 5 139389180 10 7 5 6 5 8 6 6 6 11 6 5 7 7 7 8 7 4 8 5 3 8 8 5 5 4 7 4 6 6 7 7 5 3 5 4 5 6 3 5 4 2 5 4 4 5 2 5 3 3 6 10 6 7 5 4 1 4 4 6 3
"334" 5 142464013 4 1 2 4 2 6 4 2 2 6 2 3 4 2 2 4 5 3 5 3 5 2 2 3 4 4 3 2 3 3 4 2 0 2 3 2 6 3 2 4 3 3 3 4 5 3 1 3 3 1 6 2 0 1 4 2 1 5 5 3 5
"335" 5 142464026 5 4 5 4 4 6 5 4 4 7 4 5 6 5 4 5 5 5 7 4 5 4 4 4 5 4 6 4 5 7 5 5 5 3 4 5 6 5 3 4 3 4 4 4 5 4 2 3 3 3 6 4 4 4 5 4 4 5 6 4 5
"338" 5 144791168 6 2 3 4 6 5 3 2 2 5 2 3 3 3 3 6 7 2 5 2 2 4 4 5 3 2 8 3 2 6 6 4 6 2 4 2 3 2 3 5 3 4 3 5 3 2 5 3 2 2 4 4 3 4 6 4 3 4 4 4 4
"339" 5 144791171 6 2 3 4 6 5 3 2 2 5 2 3 3 3 3 6 7 2 5 2 2 4 4 5 3 2 8 3 2 6 6 4 6 2 4 2 3 2 3 5 3 4 3 5 3 2 5 3 2 2 4 4 3 4 6 4 3 3 4 4 4
"351" 6 50326864 7 3 3 4 6 10 5 9 6 8 3 6 3 6 4 4 6 4 6 6 5 4 4 4 3 5 6 4 4 4 6 4 5 4 3 3 6 6 5 4 5 4 5 5 5 4 3 5 3 2 5 6 4 3 4 6 5 5 2 4 4
"374" 6 147624181 6 4 4 4 5 6 6 6 5 6 5 4 4 7 7 6 7 3 6 4 4 5 5 6 5 5 5 6 5 8 5 4 7 4 4 7 7 8 2 5 4 6 6 5 4 6 4 5 4 3 3 4 5 4 6 6 3 4 5 4 3
"375" 6 147624184 6 4 4 4 5 6 6 6 5 6 5 4 4 7 7 6 7 3 6 4 4 5 5 6 5 5 6 6 6 8 5 4 7 4 4 7 7 8 2 5 4 6 6 5 4 6 4 5 4 3 3 4 5 4 6 6 3 4 5 4 3
"377" 7 6730280 0 0 0 0 0 3 1 0 0 1 0 2 0 3 3 0 0 0 0 0 0 0 12 0 0 0 0 0 3 0 0 0 0 0 0 0 0 0 0 0 0 0 0 7 0 0 0 3 0 0 0 0 0 0 0 0 0 0 0 0 0
"382" 7 43607337 5 5 4 4 6 5 6 4 6 5 3 3 6 4 5 2 4 3 4 4 1 4 5 6 5 1 6 6 3 4 2 4 6 2 2 4 4 4 4 4 2 3 3 4 2 5 2 6 1 4 3 6 4 3 5 4 3 3 4 2 3
"383" 7 43607351 6 5 4 4 6 5 6 4 6 5 3 3 6 4 5 2 4 3 4 4 1 4 5 6 5 2 7 6 3 4 2 4 6 2 2 4 4 4 4 4 2 3 3 4 2 5 2 6 1 4 3 6 4 3 5 4 3 3 4 2 3
"390" 7 89390537 5 4 4 6 4 10 4 7 5 8 4 5 5 2 3 7 4 5 11 3 4 6 4 4 8 3 4 5 3 6 4 3 6 3 5 3 3 5 5 7 4 5 6 5 3 5 1 8 2 4 5 6 6 5 4 3 3 3 3 5 4
"409" 7 141499023 3 2 2 3 3 3 5 2 3 4 3 1 4 4 4 4 2 1 3 3 1 3 2 6 5 4 5 3 3 4 4 6 8 2 2 4 3 5 3 1 2 1 4 0 3 5 4 3 2 0 3 2 3 5 4 2 3 1 5 1 3
"444" 8 22382654 6 4 10 6 3 7 6 5 2 7 4 6 3 8 4 4 5 2 3 3 5 6 4 4 8 4 9 4 4 5 4 8 5 3 2 5 3 3 4 6 6 4 4 5 4 6 4 4 1 1 6 6 7 2 4 6 3 7 5 7 2
"445" 8 22382657 6 4 10 6 3 7 6 5 2 7 4 6 3 8 4 4 5 2 3 3 5 6 4 4 8 4 9 4 4 5 4 8 5 3 2 5 3 3 4 6 6 4 4 5 4 6 5 4 1 1 6 6 7 2 4 6 3 7 5 7 2
"446" 8 22411464 3 1 2 6 3 5 2 1 1 5 2 4 3 1 5 3 3 3 3 2 1 4 3 4 4 0 6 4 2 1 3 2 5 3 2 2 4 3 1 2 2 2 5 2 1 4 3 3 2 2 4 4 4 3 3 5 1 2 2 0 1
"473" 8 106125426 4 5 3 2 5 6 4 6 3 10 3 4 3 3 4 4 4 3 5 2 2 7 4 4 4 3 5 4 4 5 5 5 5 3 2 4 6 4 4 2 5 2 3 4 2 4 5 3 2 2 5 6 5 3 4 4 2 3 3 2 3
"475" 8 121578802 4 4 4 3 2 6 3 4 3 4 4 3 4 5 4 3 3 3 3 3 1 4 4 4 6 2 4 3 6 5 1 5 5 2 2 3 4 3 2 5 3 4 3 1 2 3 4 3 2 1 3 12 3 3 3 2 1 3 2 2 1
"511" 9 27103555 4 3 2 1 3 2 3 2 2 4 3 2 2 3 2 2 2 3 3 3 3 2 2 2 3 3 2 2 2 3 2 2 3 2 2 4 2 5 3 6 4 4 3 4 4 4 2 3 1 2 4 2 3 2 3 2 2 3 2 3 4
"546" 9 77929835 9 8 5 5 6 5 11 6 3 8 3 5 3 2 4 4 5 4 6 5 5 1 3 9 1 3 4 5 4 3 2 3 8 1 2 3 6 4 4 8 3 5 5 4 4 2 3 3 2 1 6 3 4 4 5 3 4 8 5 2 4
"547" 9 77929845 17 11 8 9 14 9 16 11 7 15 3 12 6 7 6 9 8 8 12 8 9 11 7 12 5 5 12 9 9 10 6 8 9 5 5 8 11 10 7 15 7 11 12 10 10 8 6 11 3 5 10 11 8 6 14 8 9 10 10 5 8
"548" 9 77929855 16 12 9 9 13 9 14 11 7 15 3 10 6 8 7 8 9 8 11 8 9 11 7 11 5 6 13 9 10 11 6 9 8 5 6 7 11 10 7 13 7 11 12 10 10 8 7 11 3 6 8 12 9 6 15 7 10 9 10 5 9
"551" 9 86562765 2 2 3 3 2 2 4 2 2 4 3 3 3 4 2 4 3 3 3 2 2 2 3 2 4 3 2 3 2 4 2 2 3 3 2 3 5 2 2 3 2 3 3 3 3 2 3 2 2 2 3 2 2 3 2 2 2 3 2 2 2
"552" 9 86562779 1 0 0 0 0 0 1 0 0 1 0 0 0 1 0 0 1 0 0 0 1 0 1 0 0 1 0 0 0 1 0 0 0 0 0 0 0 0 0 0 0 0 0 1 0 0 0 0 0 0 0 0 0 0 0 0 0 1 0 0 0
"557" 9 123481523 20 9 10 18 14 13 18 18 13 20 8 10 14 16 14 14 12 8 14 10 7 12 14 13 13 9 17 14 8 16 10 11 17 15 8 12 16 10 7 13 15 11 11 12 5 8 8 10 5 1 11 12 7 10 9 9 6 9 7 6 10
"562" 10 34418317 4 2 3 3 2 4 5 4 4 5 2 4 6 4 5 6 3 3 4 2 3 2 4 3 3 3 3 3 4 4 4 3 4 2 2 4 3 5 2 3 3 2 3 5 2 3 4 3 2 3 3 3 2 3 3 4 2 5 3 4 3
"563" 10 34418333 0 0 0 0 0 0 0 0 0 0 0 0 0 0 0 0 0 0 0 0 0 0 0 0 0 0 0 0 0 0 0 0 0 0 0 0 0 0 0 0 0 0 0 0 0 0 0 0 0 0 0 0 0 0 0 0 0 1 0 0 0
"566" 10 59468446 3 3 4 4 4 3 4 2 2 5 3 2 3 5 3 3 4 3 3 2 2 3 4 3 3 3 3 3 2 4 2 3 4 2 3 3 3 4 2 3 4 5 2 3 3 3 2 2 2 1 3 3 2 3 4 3 2 2 3 2 2
"568" 10 70519262 16 14 18 16 13 16 13 14 14 15 13 12 15 13 16 13 13 10 15 12 11 13 14 16 15 11 18 13 12 19 13 14 15 11 15 17 12 15 12 12 13 14 13 14 16 12 13 11 8 11 14 14 15 10 12 14 11 14 12 11 11
"570" 10 81638718 7 5 4 4 3 5 6 6 2 5 4 3 6 6 7 3 5 6 5 3 1 1 3 2 2 4 8 5 7 7 4 4 5 1 5 4 5 2 1 4 4 3 5 7 5 5 2 7 2 1 3 6 4 1 5 4 1 3 3 5 6
"571" 10 81638728 8 5 4 5 7 5 7 7 5 6 4 2 6 6 7 3 5 6 6 4 1 2 3 4 2 5 8 6 9 7 5 7 5 1 5 4 6 2 3 6 4 5 5 8 5 7 3 7 2 3 4 7 5 1 6 4 4 4 4 7 5
"572" 10 81638731 8 5 4 5 7 5 7 7 5 6 4 4 6 6 7 3 5 6 6 4 1 2 3 4 2 5 8 6 9 6 6 7 5 1 5 4 6 2 3 6 4 5 5 8 5 7 3 7 2 3 4 7 5 1 6 4 4 4 4 4 4
"574" 10 83727457 5 4 2 5 4 4 5 4 4 5 8 6 2 5 4 3 4 7 7 4 5 5 8 3 4 3 8 3 3 4 8 7 5 2 2 3 4 4 4 6 3 3 4 3 3 5 4 7 1 2 6 5 5 3 4 3 4 3 3 3 3
"575" 10 83727469 6 4 2 6 4 5 5 4 4 7 9 7 3 6 5 4 5 8 7 4 4 4 7 3 4 3 11 5 4 5 8 8 7 2 2 3 4 5 4 6 4 3 5 3 4 5 6 8 1 2 6 5 5 3 4 4 4 3 4 4 3
"603" 11 50025508 7 5 6 5 6 6 4 4 4 3 2 5 3 2 4 4 3 2 5 3 2 4 5 3 3 3 6 5 2 8 3 5 6 3 2 2 4 2 2 4 3 2 4 1 3 4 4 6 3 1 4 6 4 2 2 6 4 2 3 2 3
"604" 11 50025511 7 5 5 5 6 6 4 4 4 3 2 5 3 2 4 4 3 2 5 3 2 4 5 3 3 3 6 5 2 8 3 5 6 3 2 2 4 2 2 4 3 2 4 1 3 4 4 6 3 1 4 6 4 2 2 6 4 2 3 2 3
"610" 11 61700307 5 3 3 3 2 5 3 3 2 8 3 8 2 3 3 4 2 3 3 4 1 3 3 3 5 2 4 2 6 2 2 3 5 2 1 2 3 3 1 2 2 2 4 5 3 3 2 4 2 1 3 5 1 2 2 2 3 2 2 2 3
"614" 11 70345123 0 0 0 0 0 0 0 0 0 0 0 0 1 0 1 0 0 0 0 0 0 0 0 0 0 0 0 0 1 1 0 4 0 0 0 0 1 0 0 0 0 0 0 0 0 0 0 0 0 0 1 0 0 0 1 0 0 0 2 1 0
"635" 12 17360214 4 2 3 5 4 1 4 2 3 4 1 3 2 2 3 3 1 2 2 0 0 2 1 1 4 3 4 3 1 4 1 4 4 3 1 1 4 3 1 2 3 2 3 2 2 3 1 4 1 0 3 1 2 0 3 1 0 1 2 0 1
"636" 12 17360221 12 9 7 11 9 8 10 12 8 13 7 11 8 11 8 6 9 7 14 5 6 8 8 6 9 10 14 8 8 11 11 8 12 10 5 4 9 6 7 7 8 6 11 7 9 8 6 9 3 2 12 10 6 3 9 10 4 3 7 6 4
"660" 12 111101257 9 9 8 10 10 10 9 9 8 11 8 10 10 11 9 9 9 9 11 9 8 8 8 9 9 9 12 9 9 11 10 9 9 9 8 9 10 8 12 8 8 9 7 9 9 9 9 8 8 9 9 9 9 8 11 8 8 8 9 8 8
"661" 12 111101260 9 9 8 10 10 10 9 9 8 11 8 10 10 11 9 9 9 9 11 9 8 9 8 9 9 9 12 9 9 11 10 9 8 9 8 9 10 8 12 8 8 9 8 8 9 9 9 8 8 9 9 9 9 8 11 8 8 8 9 8 8
"665" 13 8810143 5 5 4 3 3 7 3 1 8 25 7 17 2 4 5 4 6 8 6 6 6 9 10 4 8 5 17 3 5 6 4 4 4 3 2 10 12 6 4 1 3 3 4 8 6 2 8 8 2 3 3 5 5 7 8 4 4 5 5 2 4
"670" 13 38516792 5 2 2 2 2 2 5 2 2 4 3 2 4 2 2 3 2 2 2 3 3 2 3 2 3 3 4 2 2 3 3 3 3 2 3 2 3 2 4 4 2 2 3 2 2 2 2 2 2 2 2 3 3 2 3 2 2 2 4 2 2
"687" 13 99398505 8 7 8 8 7 5 7 9 5 10 8 4 5 8 7 7 3 1 8 4 6 4 7 9 3 3 12 6 9 8 5 6 10 2 7 7 5 3 4 6 6 3 8 3 4 8 8 6 2 1 3 8 7 4 5 5 4 6 5 3 3
"694" 14 8006062 3 0 1 0 2 1 1 1 0 11 0 3 0 0 0 0 2 0 6 2 5 1 6 3 2 0 4 3 4 0 2 2 1 2 1 1 1 3 3 0 3 1 0 0 3 0 4 3 2 0 0 0 7 6 3 1 5 0 0 3 0
"695" 14 8006092 28 17 25 27 27 41 32 33 20 39 23 20 21 30 28 22 30 12 23 15 21 22 46 32 32 7 35 19 34 30 34 23 15 15 9 7 21 34 29 8 23 12 17 15 37 20 30 32 23 6 14 22 41 34 40 16 23 17 12 28 13
"731" 14 67893492 7 4 1 4 1 4 3 5 3 4 1 5 3 2 5 3 5 2 3 2 2 5 3 4 1 1 7 3 4 3 2 1 3 2 5 4 4 4 3 3 5 2 4 2 3 1 1 3 2 2 4 4 3 3 3 3 1 2 2 2 3
"781" 16 18064422 23 25 25 27 22 26 23 26 20 25 20 21 24 25 22 23 21 22 25 23 19 23 20 23 21 22 25 25 21 23 22 21 23 20 23 23 21 24 20 22 22 21 24 23 20 23 19 22 17 21 24 25 23 19 22 24 21 23 20 20 21
"795" 16 57305890 13 11 8 10 8 11 11 10 8 12 7 8 11 10 8 9 12 9 12 10 7 10 10 7 8 10 11 9 9 11 7 10 12 6 7 8 7 8 7 9 8 6 6 9 8 10 8 10 5 5 10 13 7 8 10 12 6 8 8 5 8
"817" 17 6035202 8 5 5 4 8 5 6 4 4 7 5 4 4 6 8 5 4 5 5 6 4 5 2 6 3 2 12 2 4 6 6 6 7 3 2 5 6 5 4 5 6 5 7 4 2 4 3 3 2 2 4 6 5 6 3 7 3 7 1 3 2
"852" 17 71240024 7 4 1 5 4 6 2 4 2 5 1 5 4 6 3 5 2 3 5 3 2 2 5 3 4 2 7 1 1 4 5 3 7 2 4 1 1 3 2 2 1 1 3 3 3 3 3 2 1 3 2 3 3 4 3 3 1 3 6 4 4
"854" 17 78944804 14 7 7 12 10 12 10 9 6 11 5 8 10 7 8 10 6 6 9 8 3 9 9 7 6 6 11 7 7 10 7 9 9 6 6 9 13 6 5 10 9 7 7 6 9 6 4 10 1 4 9 9 7 8 10 9 6 5 6 5 9
"856" 17 84244665 10 7 10 8 12 11 10 11 9 8 8 9 6 11 8 6 9 8 8 10 6 10 8 10 8 7 10 8 8 9 10 8 13 6 6 8 8 8 7 8 6 7 10 8 7 8 11 8 5 6 9 9 7 7 10 9 5 8 6 6 7
"857" 17 84244672 2 1 2 0 2 3 3 2 2 3 2 1 1 3 1 1 1 1 1 3 2 3 2 3 3 1 0 2 2 0 1 2 1 3 1 3 1 2 1 1 2 2 1 0 2 3 2 0 2 0 1 1 1 0 1 1 1 2 2 1 1
"858" 17 84244674 10 6 10 7 8 11 9 11 8 9 8 7 6 10 8 8 10 7 8 9 6 10 8 9 5 6 9 7 8 9 9 6 11 6 5 7 7 8 5 8 5 7 10 8 5 7 11 7 5 6 7 9 7 5 6 8 6 7 5 6 7
"865" 18 5116082 14 11 13 12 14 12 11 14 13 14 11 10 13 13 15 13 11 10 12 11 9 12 14 12 12 12 14 12 10 12 13 14 13 13 11 10 12 13 11 11 13 10 12 12 10 12 11 10 6 9 12 10 11 11 13 13 9 10 12 13 12
"874" 18 46740954 10 6 7 7 9 7 7 6 6 10 4 5 8 5 6 6 7 4 8 7 4 7 6 7 5 5 10 10 8 7 6 7 7 1 6 6 6 4 4 9 9 5 8 11 7 7 4 9 4 4 7 7 5 8 5 7 3 7 6 6 5
"885" 18 56476087 12 13 12 11 10 12 11 12 9 17 9 7 10 14 11 7 10 9 12 8 9 10 11 11 9 9 11 10 13 13 10 11 12 9 8 9 9 11 9 13 10 9 10 12 11 9 7 10 9 7 9 11 11 11 10 10 6 10 9 9 11
"886" 18 56476097 11 11 11 11 10 12 10 12 7 10 9 8 10 13 11 7 10 8 11 7 8 10 9 11 9 9 10 10 13 11 10 9 12 9 7 9 9 10 9 12 8 9 10 9 9 9 7 10 8 7 9 11 10 9 9 10 6 9 9 8 9
"899" 18 89074179 10 7 7 5 7 7 7 9 5 5 3 5 4 5 5 5 5 5 4 3 3 5 4 8 4 4 7 6 5 8 5 6 9 4 2 4 6 8 3 8 5 5 6 3 2 9 4 4 4 1 3 8 5 5 6 5 3 5 4 8 5
